397
111 227 42.6499999981
219 19 6.1500000024
2 258 123.45
174 385 123.45
305 327 123.45
87 285 123.45
294 40 9.25
1 385 17.8000000035
232 398 2.35000000492
9 209 123.45
266 209 52.35
177 389 115.65
183 280 123.45
308 140 123.45
369 148 123.45
111 127 30.7000000019
298 18 123.45
243 302 123.45
159 27 8.50000000003
323 314 123.45
34 332 1.90000000211
73 70 123.45
206 32 98.5499999986
220 360 3.8
328 173 123.45
29 241 123.45
245 72 123.45
286 209 17.95
26 398 57.0500000003
120 52 57.15
272 125 5.90000000347
153 40 123.45
384 240 53.65
110 263 123.45
155 251 123.45
138 332 123.45
361 201 123.45
366 214 3.74999999814
294 150 72.1
104 349 123.45
143 215 30.1499999951
8 211 0.450000004351
182 197 123.45
220 304 119.65
159 147 29.75
39 61 123.45
256 45 1.20000000072
272 359 108.549999997
213 207 4.5
218 233 123.45
269 40 0.8
366 140 0.65
186 382 30.15
329 178 18.9000000007
44 385 123.45
159 197 42.65
191 136 46.1
378 385 0.849999996526
124 332 2.15000000179
366 241 6.0000000059
267 368 28.7500000046
324 330 123.45
11 351 93.1
313 224 123.45
276 35 122.400000005
315 224 6.25
377 314 123.45
108 61 123.45
256 386 75.1999999993
186 77 45.1
229 336 2.1
347 98 123.45
124 233 102.649999998
378 128 102.65
143 270 59.65
4 215 9.8
187 195 123.45
177 201 7.80000000041
129 185 123.45
101 173 123.45
103 373 123.45
294 161 42.1
167 173 16.35
36 97 22.100000004
342 396 123.45
379 149 123.45
99 12 7.44999999429
95 382 123.45
225 296 123.45
76 241 0.30000001797
284 93 123.45
121 105 1.90000000185
76 65 8.29999999846
365 240 123.45
11 251 24.6
274 281 1.0999999885
231 209 123.45
37 360 49.9000000011
244 147 123.45
384 332 1.3499999961
102 354 104.65
210 263 123.45
112 61 123.45
358 72 123.45
219 376 20.7499999985
374 209 11.35
279 394 123.45
92 22 123.45
146 262 20.9000000015
191 40 5.20000000001
76 188 41.1
267 35 94.6999999954
250 61 123.45
338 221 123.45
237 319 123.45
381 207 123.45
286 98 50.1
378 346 3.19999999856
96 254 123.45
266 27 33.6
17 31 123.45
326 35 123.45
11 393 5.75
139 175 47.25
21 207 123.45
159 314 20.5
316 54 116.549999998
334 285 9.74999999877
299 211 3.90000000026
274 192 117.1
256 251 47.05
68 357 123.45
196 394 123.45
317 212 123.45
99 194 86.6499999981
15 212 1.65000000185
392 320 123.45
248 211 9.35
78 372 123.45
334 173 13.4
242 105 15.8
34 287 121.549999998
344 140 123.45
99 320 29.3500000076
64 314 39.35
261 353 3.4999999976
238 395 123.45
43 93 123.45
3 314 123.45
286 16 21.1
60 193 123.45
315 18 56.1
57 150 123.45
303 147 123.45
248 265 6.1
299 91 17.5499999997
322 348 123.45
335 171 123.45
286 372 10.2
356 65 123.45
337 195 123.45
199 254 123.45
391 163 123.45
364 80 123.45
159 302 6.75
25 360 19.3999999989
120 61 66.3
111 80 50.1
117 173 123.45
277 320 123.45
76 70 5.85
355 178 5.7499999987
345 320 123.45
71 77 123.45
165 105 1.39999999815
42 166 123.45
316 380 5.39999999539
274 394 1.6000000115
325 144 116.450000005
374 148 112.1
253 304 123.45
159 348 13.1
315 193 61.1
310 128 123.45
84 209 2.38706121536e-08
124 195 1.19999999811
4 327 113.65
51 263 78.3
236 289 4.90000000048
85 194 123.45
283 227 123.45
273 90 123.45
399 333 40.5499999993
309 320 13.8
121 179 121.549999998
88 354 123.45
213 382 118.95
286 352 24.1
198 254 123.45
288 86 123.45
75 380 123.45
122 147 123.45
5 314 123.45
115 136 123.45
15 271 121.799999998
312 173 123.45
350 270 123.45
230 352 123.45
329 49 51.5499999993
190 260 80.5499999988
229 226 3.55
235 275 34.5499999995
206 45 24.9000000014
232 144 121.099999995
134 336 0.45
228 201 123.45
7 320 123.45
334 224 5.20000000123
14 12 123.45
331 215 123.45
113 45 123.45
74 184 123.45
154 227 123.45
20 12 5.90000000178
290 314 123.45
276 211 1.04999999539
363 368 123.45
269 367 122.65
10 72 123.45
259 163 123.45
102 380 18.8
242 330 107.65
28 262 93.6499999985
145 394 3.54999998609
355 137 74.5499999989
378 215 2.70000000492
63 330 123.45
316 184 0.65
24 393 28.9
340 192 123.45
143 357 33.6500000049
339 280 123.45
114 52 123.45
247 166 123.45
28 65 29.8000000015
41 319 123.45
264 233 123.45
124 127 4.49999999808
132 90 123.45
216 163 123.45
47 86 103.1
384 224 11.7999999924
186 254 48.2
8 217 22.5499999997
383 161 123.45
157 166 123.45
156 270 123.45
170 82 123.45
131 240 123.45
81 212 123.45
30 31 86.1
167 373 107.1
378 40 14.05
55 258 123.45
108 398 3.81774611924e-11
106 147 123.45
83 353 47.0500000024
50 61 123.45
116 346 123.45
371 6 123.1
145 45 16.0500000143
355 398 0.150000002405
142 178 37.9000000006
387 372 123.45
384 280 55.65
76 22 24.1
56 376 40.9
23 263 123.45
190 285 42.9000000012
366 171 1.2
268 354 123.45
266 52 37.5
204 93 123.45
164 163 123.45
366 212 109.549999998
59 263 123.45
46 360 123.45
239 320 123.45
172 127 123.45
165 395 7.1
84 241 51.3499999761
261 289 9.40000000302
47 368 18.3499999954
370 285 123.45
51 320 45.15
38 296 123.45
130 258 1.90000000218
278 380 123.45
238 396 2.84217094304e-14
30 214 37.35
341 72 123.45
208 281 123.45
252 263 123.45
151 184 123.45
176 376 18.9000000015
126 221 123.45
205 389 123.45
236 135 31.5499999995
47 380 2.00000000461
223 128 123.45
388 393 24.9
390 149 123.45
234 40 123.45
162 332 8.7
109 197 123.45
219 169 60.5499999991
274 149 3.65
76 45 5.49999998358
139 90 76.2
56 200 69.55
25 222 94.5499999987
162 163 114.75
37 67 73.5499999989
66 188 123.45
301 314 123.45
318 171 123.45
123 319 69.2
307 127 123.45
94 194 123.45
343 105 123.45
229 211 2.8
123 70 54.25
321 127 123.45
397 258 123.45
124 12 8.75000000393
189 16 123.45
158 251 123.45
146 306 94.5499999985
1 125 105.649999997
64 396 84.1
8 97 1.44999999596
297 295 86.5499999986
53 175 7.9000000012
309 221 109.65
165 271 60.3000000018
235 289 5.90000000055
100 27 123.45
176 293 95.5499999985
84 82 72.1
261 89 44.5499999994
76 72 38.3
297 346 36.9000000014
124 166 4.2
334 349 95.1
375 185 80.1
203 380 123.45
107 6 123.45
159 93 2.2
325 357 6.99999999508
62 367 123.45
141 215 123.45
180 304 123.45
36 289 12.349999996
119 372 123.45
202 367 123.45
79 45 123.45
399 386 3.90000000071
168 271 123.45
25 394 9.50000000241
13 319 123.45
191 207 72.15
249 52 123.45
152 389 123.45
58 241 123.45
133 327 123.45
371 40 0.35
311 212 123.45
24 300 81.55
48 90 123.45
26 175 5.39999999975
375 302 43.35
366 258 2.29999999782
316 224 0.850000006365
83 19 62.3999999976
181 265 10.45
130 292 121.549999998
282 351 123.45
53 69 82.5499999988
362 195 123.45
33 357 123.45
145 201 103.85
388 255 87.55
118 214 123.45
20 160 117.549999998
384 281 1.0000000115
165 296 54.65
257 171 123.45
142 291 34.5499999994
400 72 123.45
246 386 123.45
