13 26
4 6 20 13 22 19 1 5 10 16 8 12 3 4 2 9 14 26
4 16 18 19 17 2 21 15 9 20 5 24 12 16 22 7 3 23 14
4 6 3 25 26 13 8 7 22 1 15 5 4 10 14 21 9 24 2 12 16 11 23 19 20 18 6
1 6 8 18 6 11 9 14 10 20 13 17 24 22 3
0 8 4 3 19 7 25 16 11 20 21
3 5 5 8 24 6 21
4 9 22 2 23 18 17 3 12 1 4
0 10 22 20 26 19 3
2 15 2 23 9 8 6 15 3 4 26 1 22
1 12 5
0 5 1 3 16 10 4 26
4 12 15 18 3 14 16 19 26 13 4 5 17 10 23 12 6 9 8 22
3 17 24 3 4 16 14 22 10 19 23 12 11 9 15 26 20 13 8 6 2 21 5
3 4 2 3 1 2 3 3 2 3 1 3 3 3 2 2 3 1 1 4 2 1 2 4 3 1
