23 27
3 5 11 20 4 24 19 9 17 21 3 23 25 7 10 16 26
1 10 20 16 24 14 22
2 9 5 24 20 25 19 27 22 16 17 21 13 14
4 14 11 15 3 23 17 18 26 12
2 12 9 20 2 5 23 25 16 27 13 8 19 21
1 13 15 10 1 19 11 18 13 9 8 23 5 16 20 22
0 1 10 24 20 6 23 2 15 27 7 1 5 25 19 9 26 11 8 14 13
1 9 27 6 5 3 15 2 8 18 23
2 17 3 13
1 15 15 6 3 7 16 21 17 1 13 27 18 25 26 4 23
1 5 21 1 4 18 7
1 14 15 25 27 21 13 6 8 17 10 20 23 5 19 14 18 12 3 2 24 26 9 4
2 14 13 25 23
4 15 2 13 14 1 23 7 26 10 24 21 12 5 20 11 22
4 13 14 12 15 17 23 25 5 4 27 8 11 19 9 6 7 18 20 13 1 21 16
1 8 18
4 7 13 12 11 22 20 10 16 6 1 24 3 21 25 27 2 18 19
3 7 1 20 17 19
0 5 4 18 14 11 5 3 15 2 8 9 22 26 19
2 17 19 20 12 4 7 11 17 13 24 21 23 6 8 14 25 27 9 22 2
0 12 18 19 10 22 23 6 8 24 5 15 21 17 11 1
1 2 20 11 19 18 1 7 14 5 13 27 25 2 6
0 1 7 24 16 20 1 5 21 18 25 17 2 26 15
6 6 1 5 4 6 2 3 6 2 1 4 2 4 5 2 4 3 1 6 6 2 5 6 2 2 2
