22 17
0 9 10 11 12 17 4 3 15 16 9 13 1 2 5
2 4 14 10 8 4 17 12 15 1 11 5 13 2 16
1 2 14 7 15 1 5 6 9 12 3 16 13
3 5 1 6 15 17 8 14 11 3 9
3 6 5 13 12 9 15 7 6 2
3 19 16 7 5
3 17 14 2 16 15 1 3 6 11
2 6 10 4 6 7 13 5 2 14 15 3 16
4 17 9 10 15 11 17 2 5
0 1 7 16
0 4 13 7 10 8 17
1 3 3 4 6 16 1 2 12 15 13 14
3 10 14 1 4 11 9 6 5 15 2
2 17 2 5 9 17 10 1 16
3 17 4 9 6
1 9 17 4 3 12 11 5 15 14 16
3 8 12 3 13 5 15 17 14 4 16 7 1 6 2 10 11 9
0 15 17 8 6 5 2 3 1 15 4
2 15 11 16 1 14 5 6 17 12 2 13
1 9 16 6 3 8 13 11 5 14 1 4 9 10 17
4 16 4 12 15 9 11 16 10 3
2 15 12 9 11 3 7 17 13 15 6 16 4 8 1 2 5
5 1 5 5 5 2 3 5 3 3 3 4 3 2 5 2 2
